#! FIELDS time c1.moment-2 c1.moment-3
 0.000000 0.757954 1.335796
 0.500000 0.748393 1.311585
 1.000000 0.736505 1.280454
 1.500000 0.752467 1.292051
 2.000000 0.745133 1.309236
 2.500000 0.747190 1.314743
 3.000000 0.742988 1.290417
 3.500000 0.724728 1.222122
 4.000000 0.745756 1.300372
 4.500000 0.717597 1.194171
 5.000000 0.745760 1.286715
 5.500000 0.733095 1.252978
 6.000000 0.751319 1.319978
 6.500000 0.750884 1.301814
 7.000000 0.759658 1.273572
 7.500000 0.723324 1.162062
 8.000000 0.741831 1.290375
 8.500000 0.740309 1.264140
 9.000000 0.734234 1.238327
 9.500000 0.730000 1.228158
 10.000000 0.742004 1.283586
 10.500000 0.751316 1.280864
 11.000000 0.737428 1.262358
 11.500000 0.745199 1.292329
 12.000000 0.739263 1.274287
 12.500000 0.746500 1.306933
 13.000000 0.743028 1.292257
 13.500000 0.745733 1.298211
 14.000000 0.743784 1.294692
 14.500000 0.742550 1.294586
 15.000000 0.744231 1.304367
 15.500000 0.741453 1.282927
 16.000000 0.739877 1.292574
 16.500000 0.743366 1.303086
 17.000000 0.747510 1.303030
 17.500000 0.736787 1.269786
 18.000000 0.747244 1.305859
 18.500000 0.745171 1.280838
 19.000000 0.744130 1.289909
 19.500000 0.743598 1.302770
 20.000000 0.744148 1.272322
 20.500000 0.740571 1.288950
 21.000000 0.739229 1.284942
 21.500000 0.737385 1.230285
 22.000000 0.734285 1.253867
 22.500000 0.739766 1.271806
 23.000000 0.725063 1.232088
 23.500000 0.741258 1.287146
 24.000000 0.735677 1.266584
 24.500000 0.727209 1.244502
 25.000000 0.746795 1.312258
 25.500000 0.731867 1.263215
 26.000000 0.714214 1.172977
 26.500000 0.736039 1.273395
 27.000000 0.741892 1.297671
 27.500000 0.745953 1.311065
 28.000000 0.743144 1.302154
 28.500000 0.725638 1.238481
 29.000000 0.740975 1.275285
 29.500000 0.739634 1.283660
 30.000000 0.740612 1.288239
 30.500000 0.694127 1.134588
 31.000000 0.731993 1.238425
 31.500000 0.746368 1.283937
 32.000000 0.714816 1.173563
 32.500000 0.741884 1.268554
 33.000000 0.745789 1.307027
 33.500000 0.737717 1.263812
 34.000000 0.743910 1.307642
 34.500000 0.727393 1.249749
 35.000000 0.754908 1.313515
 35.500000 0.747022 1.305634
 36.000000 0.723443 1.212297
 36.500000 0.735279 1.253529
 37.000000 0.747076 1.304725
 37.500000 0.739478 1.279681
 38.000000 0.707543 1.160012
 38.500000 0.720916 1.188102
 39.000000 0.739017 1.287367
 39.500000 0.684069 1.118087
 40.000000 0.732209 1.264402
 40.500000 0.735762 1.282249
 41.000000 0.747890 1.236211
 41.500000 0.738688 1.242981
 42.000000 0.715921 1.168098
 42.500000 0.720547 1.216331
 43.000000 0.728127 1.241683
 43.500000 0.746372 1.302738
 44.000000 0.741900 1.283930
 44.500000 0.745044 1.306658
 45.000000 0.742977 1.287661
 45.500000 0.723141 1.211322
 46.000000 0.706879 1.148619
 46.500000 0.728110 1.226251
 47.000000 0.742024 1.294704
 47.500000 0.728489 1.247129
 48.000000 0.762273 1.291826
 48.500000 0.741094 1.298389
 49.000000 0.738055 1.281899
 49.500000 0.735201 1.247628
 50.000000 0.743552 1.297284
