#! FIELDS time c1.moment-2 c1.moment-3 sigma_c1.moment-2 sigma_c1.moment-3 height biasf
#! SET multivariate false
#! SET kerneltype gaussian
                    2.5     0.7471904632910762       1.31474252273582                    0.1                    0.1                 0.0625                      5
                      5     0.7465555579906412      1.294078422581521                    0.1                    0.1    0.05530202640388332                      5
                    7.5     0.7328542247594169      1.214869635888292                    0.1                    0.1    0.05351503037867843                      5
                     10     0.7422390934513412      1.290255843635917                    0.1                    0.1    0.04575879815756033                      5
                   12.5     0.7330174104142383      1.262066080309217                    0.1                    0.1    0.04209790576746739                      5
                     15     0.7416874154003843      1.297923575517383                    0.1                    0.1    0.03871776785594779                      5
                   17.5      0.740129497564639      1.278850552953141                    0.1                    0.1    0.03560265472639527                      5
                     20     0.7487056746550013      1.289993016642739                    0.1                    0.1    0.03327936044813079                      5
                   22.5     0.7424362169259374      1.286052508739511                    0.1                    0.1    0.03104200353278047                      5
                     25     0.7442942949777694       1.30682388663182                    0.1                    0.1    0.02976979357299291                      5
                   27.5      1.036614047131972     0.3723596143597262                    0.1                    0.1                 0.0625                      5
                     30     0.9949952347214227     0.1671193793642076                    0.1                    0.1    0.06163413458878851                      5
                   32.5     0.8721227173140245     0.2277831911050362                    0.1                    0.1    0.05888570477409157                      5
                     35     0.8096912619606113     0.2479717256624809                    0.1                    0.1     0.0556923360974971                      5
                   37.5     0.9432783522154808     0.3234999036601932                    0.1                    0.1    0.05139345044014556                      5
                     40      0.832984564141152     0.4442125890269159                    0.1                    0.1    0.05849935154282581                      5
                   42.5     0.9035762601242892      0.341875390838286                    0.1                    0.1    0.04543447412359825                      5
                     45      1.008812670318995     0.2144318319410095                    0.1                    0.1     0.0474826428797176                      5
                   47.5     0.8239102807752582     0.5273682835144896                    0.1                    0.1    0.05610561259536602                      5
                     50     0.9707275227751034     0.1524580817017898                    0.1                    0.1    0.04585246557502549                      5
